-10.0 -0.8390715290764524
-9.9 -0.8891911526253609
-9.8 -0.9304262721047533
-9.700000000000001 -0.9623648798313097
-9.600000000000001 -0.9846878557941267
-9.500000000000002 -0.9971721561963783
-9.400000000000002 -0.9996930420352065
-9.300000000000002 -0.9922253254526037
-9.200000000000003 -0.9748436214041644
-9.100000000000003 -0.947721602131113
-9.000000000000004 -0.9111302618846785
-8.900000000000004 -0.8654352092411141
-8.800000000000004 -0.811093014061658
-8.700000000000005 -0.7486466455974022
-8.600000000000005 -0.6787200473200163
-8.500000000000005 -0.6020119026848278
-8.400000000000006 -0.5192886541166901
-8.300000000000006 -0.4313768449706256
-8.200000000000006 -0.33915486098384123
-8.100000000000007 -0.24354415373579802
-8.000000000000007 -0.14550003380862056
-7.9000000000000075 -0.04600212563954405
-7.800000000000008 0.05395542056264177
-7.700000000000008 0.15337386203785644
-7.6000000000000085 0.25125984258224715
-7.500000000000009 0.3466353178350175
-7.400000000000009 0.43854732757438236
-7.30000000000001 0.526077517381097
-7.20000000000001 0.6083513145322468
-7.10000000000001 0.6845466664427988
-7.000000000000011 0.7539022543432976
-6.900000000000011 0.8157251001253507
-6.800000000000011 0.8693974903498195
-6.700000000000012 0.9143831482353147
-6.600000000000012 0.9502325919585257
-6.500000000000012 0.9765876257280208
-6.400000000000013 0.9931849187581911
-6.300000000000013 0.9998586363834149
-6.2000000000000135 0.9965420970232186
-6.100000000000014 0.9832684384425872
-6.000000000000014 0.96017028665037
-5.900000000000015 0.9274784307440412
-5.800000000000015 0.8855195169413259
-5.700000000000015 0.8347127848391681
-5.600000000000016 0.7755658785102597
-5.500000000000016 0.7086697742912713
-5.400000000000016 0.634692875942647
-5.300000000000017 0.5543743361791749
-5.200000000000017 0.46851667130039204
-5.100000000000017 0.37797774271299667
-5.000000000000018 0.2836621854632433
-4.900000000000018 0.1865123694225932
-4.8000000000000185 0.08749898343946497
-4.700000000000019 -0.012388663462871909
-4.600000000000019 -0.11215252693503545
-4.5000000000000195 -0.2107957994307606
-4.40000000000002 -0.30733286997840076
-4.30000000000002 -0.40079917207995674
-4.200000000000021 -0.4902608213406816
-4.100000000000021 -0.5748239465332518
-4.000000000000021 -0.6536436208635957
-3.9000000000000217 -0.7259323042001252
-3.800000000000022 -0.7909677119144032
-3.7000000000000224 -0.8481000317103963
-3.6000000000000227 -0.896758416334137
-3.500000000000023 -0.9364566872907882
-3.4000000000000234 -0.966798192579455
-3.300000000000024 -0.9874797699088611
-3.200000000000024 -0.9982947757947517
-3.1000000000000245 -0.9991351502732805
-3.000000000000025 -0.989992496600449
-2.9000000000000252 -0.9709581651495965
-2.8000000000000256 -0.9422223406686667
-2.700000000000026 -0.9040721420170722
-2.6000000000000263 -0.8568887533689608
-2.5000000000000266 -0.8011436155469497
-2.400000000000027 -0.7373937155412638
-2.3000000000000274 -0.6662760212798446
-2.2000000000000277 -0.5885011172553681
-2.100000000000028 -0.5048461045998817
-2.0000000000000284 -0.4161468365471682
-1.9000000000000288 -0.32328956686353066
-1.8000000000000291 -0.22720209469311542
-1.7000000000000295 -0.12884449429555392
-1.6000000000000298 -0.029199522301318556
-1.5000000000000302 0.07073720166767279
-1.4000000000000306 0.16996714290021084
-1.300000000000031 0.26749882862455765
-1.2000000000000313 0.3623577544766444
-1.1000000000000316 0.4535961214255492
-1.000000000000032 0.5403023058681128
-0.9000000000000323 0.6216099682706391
-0.8000000000000327 0.696706709347142
-0.700000000000033 0.7648421872844672
-0.6000000000000334 0.8253356149096595
-0.5000000000000338 0.8775825618903565
-0.4000000000000341 0.9210609940028718
-0.30000000000003446 0.9553364891255959
-0.20000000000003482 0.9800665778412347
-0.10000000000003517 0.9950041652780223
-3.552713678800501e-14 1.0
0.09999999999996412 0.9950041652780294
0.19999999999996376 0.9800665778412488
0.2999999999999634 0.9553364891256169
0.39999999999996305 0.9210609940028994
0.4999999999999627 0.8775825618903906
0.5999999999999623 0.8253356149096995
0.699999999999962 0.7648421872845129
0.7999999999999616 0.6967067093471929
0.8999999999999613 0.6216099682706948
0.9999999999999609 0.5403023058681726
1.0999999999999606 0.4535961214256125
1.1999999999999602 0.36235775447671065
1.2999999999999599 0.2674988286246261
1.3999999999999595 0.16996714290028084
1.4999999999999591 0.07073720166774367
1.5999999999999588 -0.029199522301247532
1.6999999999999584 -0.12884449429548347
1.799999999999958 -0.22720209469304622
1.8999999999999577 -0.32328956686346344
1.9999999999999574 -0.4161468365471036
2.099999999999957 -0.5048461045998204
2.1999999999999567 -0.5885011172553106
2.2999999999999563 -0.6662760212797916
2.399999999999956 -0.7373937155412157
2.4999999999999556 -0.8011436155469072
2.5999999999999552 -0.8568887533689241
2.699999999999955 -0.9040721420170419
2.7999999999999545 -0.942222340668643
2.899999999999954 -0.9709581651495796
2.999999999999954 -0.989992496600439
3.0999999999999535 -0.9991351502732775
3.199999999999953 -0.9982947757947558
3.2999999999999527 -0.9874797699088723
3.3999999999999524 -0.9667981925794732
3.499999999999952 -0.9364566872908132
3.5999999999999517 -0.8967584163341684
3.6999999999999513 -0.8481000317104339
3.799999999999951 -0.7909677119144467
3.8999999999999506 -0.7259323042001741
3.9999999999999503 -0.6536436208636496
4.09999999999995 -0.5748239465333099
4.1999999999999496 -0.49026082134074356
4.299999999999949 -0.40079917208002186
4.399999999999949 -0.30733286997846837
4.4999999999999485 -0.21079579943083007
4.599999999999948 -0.11215252693510606
4.699999999999948 -0.012388663462942958
4.799999999999947 0.08749898343939419
4.899999999999947 0.1865123694225234
4.999999999999947 0.2836621854631752
5.099999999999946 0.3779777427129309
5.199999999999946 0.46851667130032926
5.299999999999946 0.5543743361791157
5.399999999999945 0.634692875942592
5.499999999999945 0.7086697742912211
5.599999999999945 0.7755658785102149
5.699999999999944 0.8347127848391289
5.799999999999944 0.8855195169412929
5.8999999999999435 0.9274784307440146
5.999999999999943 0.9601702866503501
6.099999999999945 0.9832684384425745
6.1999999999999424 0.9965420970232127
6.29999999999994 0.9998586363834161
6.399999999999942 0.9931849187581995
6.499999999999943 0.9765876257280357
6.599999999999941 0.9502325919585478
6.699999999999939 0.9143831482353442
6.79999999999994 0.8693974903498547
6.899999999999942 0.8157251001253908
6.99999999999994 0.7539022543433443
7.0999999999999375 0.6845466664428519
7.199999999999939 0.6083513145323032
7.29999999999994 0.5260775173811559
7.399999999999938 0.4385473275744462
7.499999999999936 0.3466353178350858
7.5999999999999375 0.25125984258231593
7.699999999999939 0.1533738620379249
7.799999999999937 0.05395542056271272
7.899999999999935 -0.04600212563947129
7.999999999999936 -0.14550003380855026
8.099999999999937 -0.24354415373573082
8.199999999999935 -0.3391548609837744
8.299999999999933 -0.4313768449705599
8.399999999999935 -0.5192886541166294
8.499999999999936 -0.6020119026847726
8.599999999999934 -0.6787200473199642
8.699999999999932 -0.7486466455973539
8.799999999999933 -0.8110930140616165
8.899999999999935 -0.8654352092410793
8.999999999999932 -0.9111302618846492
9.09999999999993 -0.9477216021310898
9.199999999999932 -0.9748436214041485
9.299999999999933 -0.9922253254525951
9.399999999999931 -0.9996930420352048
9.499999999999929 -0.9971721561963838
9.59999999999993 -0.9846878557941391
9.699999999999932 -0.9623648798313286
9.79999999999993 -0.9304262721047794
9.899999999999928 -0.8891911526253942
